
41378673
41381211
41384325
41382259
41382044
41382133
41382002
41379843
41381439
41380114
41381785
41381816
41383165
41379124
38036770
38181790
34518687
32963340
34363927
35267907
35184264
35010929
29279934
36870101
27797728
32735111
36017529
34445021
38004235
29568244
41384949
31674658
33353981
37115289
30634559
35984306
33865376
32824034
39421966
33388079
39408214
29311764
34254920
35745023
41280379
36705288
27102172
34397403
31156448
35384731
34069249
29293447
35468639
35843501
35792085
38506440
26646070
35922846
28715993
33578876
35502706
31073318
35015560
37662911
31817252
37897637
34101157
38658416
34496702
36606682
32739704
28067808
38811309
35734582
33804974
40864019
41404767
41413516
41424341
41427921
41400971
41441906
41442089
41443920
41277570
41456340
41459804
41460529
39070254
41320283
41436848
41454443
40797082
41314363
41420336
41248623
41201057
41075626
40221559
40768109
33419178
36450369
41248625
41481647
40892534
40076938
41493649
41494981
41499051
41499582
41502355
41505744
41503999
41514140
41510783
41521190
39106867
36740049
38999792
36771366
33917843
33541567
30306467
36162707
36013514
41212550
41528499
41360560
41541675
41543809
41540856
36482258
34541370
41556609
41556144
41562412
41560635
41441774
31860103
30215971
41386519
41582240
37619764
37832082
37603263
37697053
41615249
29665262
41521387
41309293
40971619
41297226
41391456
41562408
41525148
41615388
40685995
41187574
41569822
41526004
41247068
41223687
40474574
40537913
41619221
41620933
36918731
41637234
41641507
41642721
41650046
41648996
41056188
41677903
41677099
41685663
41686824
41692787
36191860
41696872
41697310
41697370
41699098
41701327
41703396
40632083
41706728
41418369
41721930
35816192
41730193
41733365
41207482
41761341
31586447
40778577
41520873
41297722
41620916
41737593
41666907
41710438
39932234
41762640
41710444
41654002
41513174
41737592
41486748
39125311
28606040
40157803
41772608
41774579
41774525
41784667
41784102
41790368
41793234
41677572
36028881
41801443
28615996
31881712
41804756
41805244
41810763
41812147
41355050
40838738
41808494
41817742
41817681
41824889
41643913
41160096
36235587
41843212
41843253
41843091
39275194
41847614
41855184
41858037
32242751
28153943
41871904
41872365
41880010
41083205
41655607
41748042
41520809
41731719
41401496
41160239
41843416
41832049
41830413
41795858
41855077
41263765
41604995
41920292
41926038
41933276
41936654
27038416
41940564
41945003
41945636
41951916
32728757
30152056
34793506
39241163
39477355
28813344
41973744
41904965
41891174
41980186
33196300
41990010
41263549
41992896
41997615
41995152
41995482
29025082
38889851
42003496
42003461
42012216
42013166
42017616
42021217
42032617
42028821
42030197
42029828
41655820
42044228
35458170
42053491
41265430
40418260
42062659
42060683
42056745
41885789
42060610
41480666
41887547
42059020
41921254
42063312
41911930
41734500
42065612
41931937
42068205
42010879
41796789
42090307
41812814
38003702
34969316
42096438
42097982
41765234
42103955
42099260
42102002
31501588
42113347
42120364
42117753
41288591
42129010
42121243
42127087
42126476
42133057
41765252
42138156
42140699
42144927
42153388
42154395
42159410
42159818
42165958
42171084
42172438
42171971
42171917
35954603
42185121
42185659
42189275
42191126
42203237
42213158
42213032
42214165
42077264
42068909
41918256
41941966
41955863
42102665
42218755
41605493
41762201
42061803
42189101
42205090
42093852
41951190
41031900
41838453
42225019
42228871
42230484
42230172
42234268
42234350
39348746
33497853
41937032
42252089
42262444
38583268
42268385
42236453
42285757
42284012
42205070
41985711
42107747
42295493
42227767
42304377
42303276
42300995
42302900
42307797
42306990
42315969
42314796
42291189
42320154
42324036
42323844
42331064
42329581
40259503
42334792
42335020
42343002
42338317
42340223
42339824
42343406
42348524
42360429
42359794
42360612
42364841
42365387
42366180
42366542
42374094
39164043
42370596
42290027
42141362
42377613
42374869
41995285
42242131
42230302
42105697
42270190
41839180
42366183
42208217
42264842
42371603
42229885
42332417
42386192
42385164
40739858
41673807
42296701
42386185
42387836
42390593
42397982
42398049
42399998
42400742
42401924
42400702
29321682
42409186
42413661
42414850
42412775
42413217
42417865
42420516
42420556
42418111
42036074
40872612
42426488
42425593
42430091
42429841
42429974
42435866
42432226
42435109
42435114
42437810
42439959
41757508
41947369
42023849
42446562
41936838
42449090
35218742
41740615
42455259
42455190
42454663
42452824
42460838
42463357
42463027
42468013
42470533
42470581
42472405
42476266
42377383
42377345
42479213
42480038
42483878
42489969
42489742
42489531
42489510
42497152
42497167
42498542
42496957
42501079
42160899
42521027
42525357
33800439
31754845
42530633
42531184
42488706
42538401
42535467
42320168
42228847
42461790
41882800
41872733
42383502
42420763
42289173
41980631
42379665
42222472
42169286
42543014
42546460
42546933
42545996
42550411
42496150
42553000
42554756
42560414
42565786
42567275
42565788
37447156
39552387
42571686
42575332
42575271
42575992
42585091
42593596
42593635
42538100
42176884
42134212
42167640
39810703
42217609
42607935
42606522
42606691
42604890
42606315
42611379
42617980
42212913
42616196
42624356
42624191
42619612
42394460
42627602
42627775
42631781
42634879
42635877
42495784
42645669
42647115
42648385
39000191
42661485
41792328
34662692
38994896
30558493
35286941
33461846
35144946
30353860
39631226
42663794
42663635
42665739
29249083
40961940
42667675
42668123
36744416
42669344
37852593
41343037
37929629
42539927
42547808
42670716
42552237
42647752
42647753
42538075
42413910
42409226
42669738
42670179
42508874
42678619
42682099
42501065
40249908
30580468
42392054
42678121
42684519
42687004
28251287
36334240
42690493
42690424
27748956
40781908
37641937
37501067
31288293
42697340
42696273
39074168
30335577
